ArrayDataSet statistics:
Dataset: [83.57953685591227, 82.76147853803235, 62.32005357053636, 75.66910478802798, 2.590128865141972, 19.186732326771438, 13.806667173685073, 70.01820436116952, 84.27124481627793, 59.164084017234075, 41.77447958764796, 14.028890062443477, 79.30959393554676, 31.03457907996747, 89.34259967482173, 35.86837415768665, 3.001144054965732, 86.46218028367365, 18.27960295535469, 88.55335381515516, 16.98020177333267, 27.185352285417817, 70.7482230950628, 18.306646220888258, 68.40480069652699, 52.81520706758565, 20.08746329769604, 17.63377096924337, 7.79283996796657, 12.91076213976634]
Size: 30
Max: 89.34259967482173
Min: 2.590128865141972
Mean: 45.12957668111796
Variance: 910.5635677132733
Median: 38.8214268726673

ArrayDataSet statistics after removing elements:
Dataset: [82.76147853803235, 62.32005357053636, 75.66910478802798, 2.590128865141972, 19.186732326771438, 13.806667173685073, 70.01820436116952, 84.27124481627793, 59.164084017234075, 41.77447958764796, 14.028890062443477, 79.30959393554676, 31.03457907996747, 89.34259967482173, 35.86837415768665, 3.001144054965732, 86.46218028367365, 18.27960295535469, 88.55335381515516, 16.98020177333267, 27.185352285417817, 70.7482230950628, 18.306646220888258, 68.40480069652699, 52.81520706758565, 20.08746329769604, 17.63377096924337, 7.79283996796657]
Size: 28
Max: 89.34259967482173
Min: 2.590128865141972
Mean: 44.907035765637865
Variance: 885.6810320946843
Median: 38.8214268726673
LinkedListDataSet statistics:
Dataset: [46.008266626649664, 84.14486016066138, 27.909600391757706, 54.26995944798034, 58.964698954629334, 46.55570040635253, 2.96480122254571, 79.37849720243928, 72.43345408124019, 65.20874309981828, 96.33672318170072, 58.91163392353569, 3.3116122561945738, 21.46280010038273, 19.710836816853806, 78.56731634128583, 69.54926554833354, 6.683156535859114, 41.66049812665763, 43.34567149934953, 3.4409127111236892, 12.534637108832902]
Size: 22
Max: 96.33672318170072
Min: 2.96480122254571
Mean: 45.152438442917465
Variance: 816.8733308142891
Median: 46.2819835165011

LinkedListDataSet statistics after removing elements:
Dataset: [84.14486016066138, 27.909600391757706, 54.26995944798034, 58.964698954629334, 46.55570040635253, 2.96480122254571, 79.37849720243928, 72.43345408124019, 65.20874309981828, 96.33672318170072, 58.91163392353569, 3.3116122561945738, 21.46280010038273, 19.710836816853806, 78.56731634128583, 69.54926554833354, 6.683156535859114, 41.66049812665763, 43.34567149934953, 3.4409127111236892]
Size: 20
Max: 96.33672318170072
Min: 2.96480122254571
Mean: 46.740537100435084
Variance: 842.8059362622149
Median: 50.412829927166435
